%YAML:1.0
---
model_type: PINHOLE
camera_name: camera
image_width: 1280
image_height: 720
distortion_parameters:
   k1: 0.0
   k2: 0.0
   p1: 0.0
   p2: 0.0
projection_parameters:
   fx: 631.0159301757812
   fy: 631.0159301757812
   cx: 633.3189697265625
   cy: 346.5106201171875