%YAML:1.0
---
model_type: PINHOLE
camera_name: camera
image_width: 640
image_height: 480
distortion_parameters:
   k1: 0.0
   k2: 0.0
   p1: 0.0
   p2: 0.0
projection_parameters:
   fx: 378.60955810546875
   fy: 378.60955810546875
   cx: 315.99139404296875
   cy: 231.82102966308594
