%YAML:1.0
---
model_type: PINHOLE
camera_name: camera
image_width: 640
image_height: 480
distortion_parameters:
   k1: 0.0
   k2: 0.0
   p1: 0.0
   p2: 0.0
projection_parameters:
   fx: 387.3979797363281
   fy: 387.3979797363281
   cx: 319.3007202148437
   cy: 241.6948852539062
