%YAML:1.0
---
model_type: PINHOLE
camera_name: camera
image_width: 848
image_height: 480
distortion_parameters:
   k1: 0.0
   k2: 0.0
   p1: 0.0
   p2: 0.0
projection_parameters:
   fx: 418.0480651855469
   fy: 418.0480651855469
   cx: 419.5738220214844
   cy: 231.06329345703125