image_width: 640
image_height: 480
camera_name: head_camera
camera_matrix:
  rows: 3
  cols: 3
  data: [407.9365542054643, 0, 329.6078211917675, 0, 411.945610444512, 234.6995147258351, 0, 0, 1]
distortion_model: plumb_bob
distortion_coefficients:
  rows: 1
  cols: 5
  data: [0.04730716620196086, -0.02985886873359589, -0.01414388245893576, -0.002029037286796561, 0]
rectification_matrix:
  rows: 3
  cols: 3
  data: [1, 0, 0, 0, 1, 0, 0, 0, 1]
projection_matrix:
  rows: 3
  cols: 4
  data: [421.8166809082031, 0, 327.9921261789877, 0, 0, 421.2322082519531, 226.3414186916816, 0, 0, 0, 1, 0]